[gd_scene load_steps=8 format=3 uid="uid://cgww0vf4kl4bj"]

[ext_resource type="PackedScene" uid="uid://kkabhb2g4cy1" path="res://chunks/chunk.tscn" id="1_clste"]
[ext_resource type="ArrayMesh" uid="uid://dbq11o0cvou8w" path="res://assets/models/models_Ring_metal_2.res" id="2_clste"]
[ext_resource type="ArrayMesh" uid="uid://dpu5e7omivsws" path="res://assets/models/models_Cylinder_dirt_2.res" id="3_clste"]
[ext_resource type="ArrayMesh" uid="uid://dwc7kk6wmyksm" path="res://assets/models/models_Rock_1_002.res" id="4_qxb3j"]
[ext_resource type="PackedScene" uid="uid://ba5ptdd8bwxet" path="res://obstacles/obstacle_bar_3.tscn" id="5_521yr"]
[ext_resource type="PackedScene" uid="uid://cv265uaaokpej" path="res://obstacles/obstacle_bar_2.tscn" id="6_lu8n7"]
[ext_resource type="PackedScene" uid="uid://cqx0y6e7h1w1p" path="res://decoration/lamp_wall.tscn" id="7_lu8n7"]

[node name="ChunkDirt2" instance=ExtResource("1_clste")]

[node name="MeshInstance3D" parent="." index="0"]
transform = Transform3D(1, 0, 0, 0, 1, 0, 0, 0, 1, 0, 4, 0)
mesh = ExtResource("2_clste")

[node name="MeshInstance3D2" parent="." index="1"]
mesh = ExtResource("3_clste")

[node name="MeshInstance3D3" type="MeshInstance3D" parent="." index="2"]
mesh = ExtResource("4_qxb3j")

[node name="Bars" type="Node3D" parent="." index="3"]

[node name="ObstacleBar3" parent="Bars" index="0" instance=ExtResource("5_521yr")]
transform = Transform3D(0.615689, 0, -0.787989, 0, 1, 0, 0.787989, 0, 0.615689, 0.380873, 0, -0.392811)

[node name="ObstacleBar2" parent="Bars" index="1" instance=ExtResource("6_lu8n7")]
transform = Transform3D(-0.684776, 0, -0.728754, 0, 1, 0, 0.728754, 0, -0.684776, 0.386393, -0.207099, 0.413993)

[node name="LampWall" parent="." index="4" instance=ExtResource("7_lu8n7")]
transform = Transform3D(0.64252, 0, 0.766268, 0, 1, 0, -0.766268, 0, 0.64252, -1.07, 2, -0.974143)
